On given data set: train:720; test:100


Logistic Regression:
             precision    recall  f1-score   support

          0       1.00      1.00      1.00         8
          1       1.00      1.00      1.00         6
          2       1.00      1.00      1.00        10
          3       1.00      1.00      1.00        11
          4       1.00      1.00      1.00         5
          5       1.00      1.00      1.00        18
          6       1.00      1.00      1.00        12
          7       1.00      1.00      1.00        13
          8       1.00      1.00      1.00         5
          9       1.00      1.00      1.00        12

avg / total       1.00      1.00      1.00       100

SVC:
             precision    recall  f1-score   support

          0       1.00      1.00      1.00         8
          1       1.00      1.00      1.00         6
          2       1.00      1.00      1.00        10
          3       1.00      1.00      1.00        11
          4       1.00      1.00      1.00         5
          5       1.00      1.00      1.00        18
          6       1.00      1.00      1.00        12
          7       1.00      1.00      1.00        13
          8       1.00      1.00      1.00         5
          9       1.00      1.00      1.00        12

avg / total       1.00      1.00      1.00       100

MLP:
             precision    recall  f1-score   support

          0       1.00      1.00      1.00         8
          1       1.00      1.00      1.00         6
          2       1.00      1.00      1.00        10
          3       1.00      1.00      1.00        11
          4       1.00      1.00      1.00         5
          5       1.00      1.00      1.00        18
          6       1.00      1.00      1.00        12
          7       1.00      1.00      1.00        13
          8       1.00      1.00      1.00         5
          9       1.00      1.00      1.00        12

avg / total       1.00      1.00      1.00       100

RBM+LR:
             precision    recall  f1-score   support

          0       1.00      1.00      1.00         8
          1       1.00      1.00      1.00         6
          2       1.00      1.00      1.00        10
          3       1.00      1.00      1.00        11
          4       1.00      1.00      1.00         5
          5       1.00      1.00      1.00        18
          6       1.00      1.00      1.00        12
          7       1.00      1.00      1.00        13
          8       1.00      1.00      1.00         5
          9       1.00      1.00      1.00        12

avg / total       1.00      1.00      1.00       100

RBM+SVC:
             precision    recall  f1-score   support

          0       1.00      1.00      1.00         8
          1       1.00      1.00      1.00         6
          2       1.00      1.00      1.00        10
          3       1.00      1.00      1.00        11
          4       1.00      1.00      1.00         5
          5       1.00      1.00      1.00        18
          6       1.00      1.00      1.00        12
          7       1.00      1.00      1.00        13
          8       1.00      1.00      1.00         5
          9       1.00      1.00      1.00        12

avg / total       1.00      1.00      1.00       100

RBM+MLP:
             precision    recall  f1-score   support

          0       0.00      0.00      0.00         8
          1       0.06      1.00      0.12         6
          2       0.00      0.00      0.00        10
          3       0.00      0.00      0.00        11
          4       0.00      0.00      0.00         5
          5       0.00      0.00      0.00        18
          6       0.00      0.00      0.00        12
          7       0.00      0.00      0.00        13
          8       0.00      0.00      0.00         5
          9       0.00      0.00      0.00        12

avg / total       0.00      0.06      0.01       100

RBM+RBM+LR:
             precision    recall  f1-score   support

          0       1.00      1.00      1.00         8
          1       1.00      1.00      1.00         6
          2       1.00      1.00      1.00        10
          3       0.90      0.82      0.86        11
          4       1.00      1.00      1.00         5
          5       0.87      0.72      0.79        18
          6       0.92      1.00      0.96        12
          7       0.81      1.00      0.90        13
          8       1.00      1.00      1.00         5
          9       1.00      1.00      1.00        12

avg / total       0.93      0.93      0.93       100

PCA+LR:
             precision    recall  f1-score   support

          0       1.00      1.00      1.00         8
          1       1.00      1.00      1.00         6
          2       1.00      1.00      1.00        10
          3       1.00      1.00      1.00        11
          4       1.00      1.00      1.00         5
          5       1.00      1.00      1.00        18
          6       1.00      1.00      1.00        12
          7       1.00      1.00      1.00        13
          8       1.00      1.00      1.00         5
          9       1.00      1.00      1.00        12

avg / total       1.00      1.00      1.00       100

PCA+SVC:
             precision    recall  f1-score   support

          0       1.00      1.00      1.00         8
          1       1.00      1.00      1.00         6
          2       1.00      1.00      1.00        10
          3       1.00      1.00      1.00        11
          4       1.00      1.00      1.00         5
          5       1.00      1.00      1.00        18
          6       1.00      1.00      1.00        12
          7       1.00      1.00      1.00        13
          8       1.00      1.00      1.00         5
          9       1.00      1.00      1.00        12

avg / total       1.00      1.00      1.00       100

PCA+MLP:
             precision    recall  f1-score   support

          0       1.00      1.00      1.00         8
          1       1.00      1.00      1.00         6
          2       1.00      1.00      1.00        10
          3       1.00      1.00      1.00        11
          4       1.00      1.00      1.00         5
          5       1.00      1.00      1.00        18
          6       1.00      1.00      1.00        12
          7       1.00      1.00      1.00        13
          8       1.00      1.00      1.00         5
          9       1.00      1.00      1.00        12

avg / total       1.00      1.00      1.00       100

PCA+PCA+LR:
             precision    recall  f1-score   support

          0       1.00      1.00      1.00         8
          1       1.00      1.00      1.00         6
          2       1.00      1.00      1.00        10
          3       1.00      1.00      1.00        11
          4       1.00      1.00      1.00         5
          5       1.00      1.00      1.00        18
          6       1.00      1.00      1.00        12
          7       1.00      1.00      1.00        13
          8       1.00      1.00      1.00         5
          9       1.00      1.00      1.00        12

avg / total       1.00      1.00      1.00       100


On MNIST dataset: train:50000; test:10000

Logistic Regression:
             precision    recall  f1-score   support

          0       0.95      0.98      0.96       980
          1       0.96      0.98      0.97      1135
          2       0.94      0.89      0.91      1032
          3       0.89      0.91      0.90      1010
          4       0.92      0.94      0.93       982
          5       0.89      0.86      0.88       892
          6       0.94      0.95      0.94       958
          7       0.93      0.92      0.92      1028
          8       0.87      0.87      0.87       974
          9       0.90      0.89      0.89      1009

avg / total       0.92      0.92      0.92     10000

RBM+LR:
             precision    recall  f1-score   support

          0       0.96      0.99      0.97       980
          1       0.99      0.99      0.99      1135
          2       0.95      0.94      0.94      1032
          3       0.93      0.94      0.94      1010
          4       0.95      0.95      0.95       982
          5       0.94      0.91      0.92       892
          6       0.95      0.96      0.96       958
          7       0.96      0.95      0.96      1028
          8       0.95      0.94      0.94       974
          9       0.93      0.93      0.93      1009

avg / total       0.95      0.95      0.95     10000

PCA+LR:
             precision    recall  f1-score   support

          0       0.94      0.98      0.96       980
          1       0.96      0.98      0.97      1135
          2       0.93      0.90      0.91      1032
          3       0.91      0.91      0.91      1010
          4       0.91      0.93      0.92       982
          5       0.91      0.85      0.88       892
          6       0.93      0.95      0.94       958
          7       0.92      0.92      0.92      1028
          8       0.87      0.87      0.87       974
          9       0.90      0.88      0.89      1009

avg / total       0.92      0.92      0.92     10000
